200 10 0
200 10 0p05
200 10 0p1
200 10 0p2
200 10 0p3
200 10 0p4
200 10 0p5
200 10 0p6
200 10 0p7
200 10 0p8
200 10 0p9
200 10 1
200 1 0
200 1 0p05
200 1 0p1
200 1 0p2
200 1 0p3
200 1 0p4
200 1 0p5
200 1 0p6
200 1 0p7
200 1 0p8
200 1 0p9
200 1 1
200 5 0
200 5 0p05
200 5 0p1
200 5 0p2
200 5 0p3
200 5 0p4
200 5 0p5
200 5 0p6
200 5 0p7
200 5 0p8
200 5 0p9
200 5 1
250 10 0
250 10 0p05
250 10 0p1
250 10 0p2
250 10 0p3
250 10 0p4
250 10 0p5
250 10 0p6
250 10 0p7
250 10 0p8
250 10 0p9
250 10 1
250 1 0
250 1 0p05
250 1 0p1
250 1 0p2
250 1 0p3
250 1 0p4
250 1 0p5
250 1 0p6
250 1 0p7
250 1 0p8
250 1 0p9
250 1 1
250 5 0
250 5 0p05
250 5 0p1
250 5 0p2
250 5 0p3
250 5 0p4
250 5 0p5
250 5 0p6
250 5 0p7
250 5 0p8
250 5 0p9
250 5 1
300 10 0
300 10 0p05
300 10 0p1
300 10 0p2
300 10 0p3
300 10 0p4
300 10 0p5
300 10 0p6
300 10 0p7
300 10 0p8
300 10 0p9
300 10 1
300 1 0
300 1 0p05
300 1 0p1
300 1 0p2
300 1 0p3
300 1 0p4
300 1 0p5
300 1 0p6
300 1 0p7
300 1 0p8
300 1 0p9
300 1 1
300 5 0
300 5 0p05
300 5 0p1
300 5 0p2
300 5 0p3
300 5 0p4
300 5 0p5
300 5 0p6
300 5 0p7
300 5 0p8
300 5 0p9
300 5 1
350 10 0
350 10 0p05
350 10 0p1
350 10 0p2
350 10 0p3
350 10 0p4
350 10 0p5
350 10 0p6
350 10 0p7
350 10 0p8
350 10 0p9
350 10 1
350 1 0
350 1 0p05
350 1 0p1
350 1 0p2
350 1 0p3
350 1 0p4
350 1 0p5
350 1 0p6
350 1 0p7
350 1 0p8
350 1 0p9
350 1 1
350 5 0
350 5 0p05
350 5 0p1
350 5 0p2
350 5 0p3
350 5 0p4
350 5 0p5
350 5 0p6
350 5 0p7
350 5 0p8
350 5 0p9
350 5 1
400 10 0
400 10 0p05
400 10 0p1
400 10 0p2
400 10 0p3
400 10 0p4
400 10 0p5
400 10 0p6
400 10 0p7
400 10 0p8
400 10 0p9
400 10 1
400 1 0
400 1 0p05
400 1 0p1
400 1 0p2
400 1 0p3
400 1 0p4
400 1 0p5
400 1 0p6
400 1 0p7
400 1 0p8
400 1 0p9
400 1 1
400 5 0
400 5 0p05
400 5 0p1
400 5 0p2
400 5 0p3
400 5 0p4
400 5 0p5
400 5 0p6
400 5 0p7
400 5 0p8
400 5 0p9
400 5 1
450 10 0
450 10 0p05
450 10 0p1
450 10 0p2
450 10 0p3
450 10 0p4
450 10 0p5
450 10 0p6
450 10 0p7
450 10 0p8
450 10 0p9
450 10 1
450 1 0
450 1 0p05
450 1 0p1
450 1 0p2
450 1 0p3
450 1 0p4
450 1 0p5
450 1 0p6
450 1 0p7
450 1 0p8
450 1 0p9
450 1 1
450 5 0
450 5 0p05
450 5 0p1
450 5 0p2
450 5 0p3
450 5 0p4
450 5 0p5
450 5 0p6
450 5 0p7
450 5 0p8
450 5 0p9
450 5 1
500 10 0
500 10 0p05
500 10 0p1
500 10 0p2
500 10 0p3
500 10 0p4
500 10 0p5
500 10 0p6
500 10 0p7
500 10 0p8
500 10 0p9
500 10 1
500 1 0
500 1 0p05
500 1 0p1
500 1 0p2
500 1 0p3
500 1 0p4
500 1 0p5
500 1 0p6
500 1 0p7
500 1 0p8
500 1 0p9
500 1 1
500 5 0
500 5 0p05
500 5 0p1
500 5 0p2
500 5 0p3
500 5 0p4
500 5 0p5
500 5 0p6
500 5 0p7
500 5 0p8
500 5 0p9
500 5 1
550 10 0
550 10 0p05
550 10 0p1
550 10 0p2
550 10 0p3
550 10 0p4
550 10 0p5
550 10 0p6
550 10 0p7
550 10 0p8
550 10 0p9
550 10 1
550 1 0
550 1 0p05
550 1 0p1
550 1 0p2
550 1 0p3
550 1 0p4
550 1 0p5
550 1 0p6
550 1 0p7
550 1 0p8
550 1 0p9
550 1 1
550 5 0
550 5 0p05
550 5 0p1
550 5 0p2
550 5 0p3
550 5 0p4
550 5 0p5
550 5 0p6
550 5 0p7
550 5 0p8
550 5 0p9
550 5 1
